# shift_num    shift (a,b,c) units=(direct,direct,Å)
  01               (  0.000000,   0.000000,   0.000000 )
  02               (  0.000000,   0.000000,   0.000000 )
  03               (  0.000000,   0.000000,   0.000000 )
  04               (  0.000000,   0.000000,   0.000000 )
  05               (  0.000000,   0.000000,   0.000000 )
  06               (  0.000000,   0.000000,   0.000000 )
  07               (  0.000000,   0.000000,   0.000000 )
  08               (  0.000000,   0.000000,   0.000000 )
  09               (  0.000000,   0.000000,   0.000000 )
